Time [s];Force [kN]
0.0;0.0
0.049499999732;0.0
0.099500000477;0.0
0.1494999975;0.0
0.19949999452;0.0
0.24950000644;0.0
0.29949998856;0.0
0.34950000048;0.0
0.3995000124;0.0
0.44949999452;0.0
0.49950000644;0.0
0.55000001192;0.0
0.60000002384;0.0
0.64999997616;0.0
0.69999998808;0.0
0.75;0.0
0.80000001192;0.0
0.85000002384;0.0
0.89999997616;0.0
0.94999998808;0.0
1.0;0.0
1.0499999523;0.0
1.1000000238;0.0
1.1499999762;0.0
1.2000000477;0.0
1.25;0.0
1.2999999523;0.0
1.3500000238;0.0
1.3999999762;-0.0076577430591
1.4500000477;0.017611991614
1.5;-0.0042510814965
1.5499999523;-0.0043835206889
1.6000000238;-0.0016425057547
1.6499999762;0.0
1.7000000477;0.0
1.75;0.0
1.7999999523;0.0
1.8500000238;0.0
1.8999999762;0.0
1.9500000477;0.0
2.0;0.0
2.0499999523;0.0
2.0999999046;0.0
2.1500000954;0.0
2.2000000477;0.0
2.25;0.0
2.2999999523;0.0
2.3499999046;0.0
2.4000000954;0.0
2.4500000477;0.0
2.4995000362;0.0
2.5494999886;0.0
2.5994999409;-0.068374186754
2.6494998932;0.046089112759
2.6995000839;0.010508720763
2.7495000362;0.070340745151
2.7994999886;0.06467461586
2.8494999409;0.010362583213
2.8994998932;0.0
2.9495000839;0.0
2.9995000362;0.0
3.0494999886;0.0
3.0994999409;0.0
3.1494998932;0.0
3.1995000839;0.0
3.2495000362;0.0
3.2994999886;0.0
3.3494999409;0.0
3.3994998932;0.0
3.4495000839;0.0
3.4995000362;0.0
3.5494999886;0.0
3.5994999409;0.0
3.6494998932;0.0
3.6995000839;0.0
3.7495000362;0.0
3.7994999886;0.0
3.8494999409;0.0
3.8994998932;0.0
3.9495000839;0.052628576756
3.9995000362;0.031222475693
4.0494999886;0.036266826093
4.0995001793;0.047050267458
4.1494998932;0.057620316744
4.1995000839;0.048171199858
4.2494997978;0.059648636729
4.2994999886;0.028518008068
4.3495001793;0.057321231812
4.3994998932;0.022505473346
4.4495000839;0.020406235009
4.4994997978;0.0082335602492
4.5494999886;0.00053929263959
4.5995001793;0.0
4.6494998932;0.0
4.6995000839;0.0
4.7494997978;0.0
4.7994999886;0.0
4.8495001793;0.0
4.8994998932;0.0
4.9499998093;0.0
5.0;0.0
5.0500001907;0.0
5.0999999046;0.0
5.1500000954;0.047900538892
5.1999998093;0.036892447621
5.25;0.05912264064
5.3000001907;0.07335870713
5.3499999046;0.079805314541
5.4000000954;0.078404717147
5.4499998093;0.074342668056
5.5;0.065086275339
5.5500001907;0.065925069153
5.5999999046;0.044182159007
5.6500000954;0.037709552795
5.6999998093;0.015983935446
5.75;0.01668943651
5.8000001907;0.012202739716
5.8499999046;0.0062372167595
5.9000000954;0.0
5.9499998093;0.0
6.0;0.0
6.0500001907;0.0
6.0999999046;0.0
6.1500000954;0.000484586315
6.1999998093;0.0068415785208
6.25;0.0079525401816
6.3000001907;0.01420260407
6.3499999046;0.027710197493
6.4000000954;0.0239448715
6.4499998093;0.054896060377
6.5;0.050859495997
6.5500001907;0.05651627481
6.5999999046;0.065409831703
6.6500000954;0.068433918059
6.6999998093;0.069883219898
6.75;0.064798884094
6.8000001907;0.061555065215
6.8499999046;0.05966931209
6.9000000954;0.05243396014
6.9499998093;0.044639144093
7.0;0.034141417593
7.0500001907;0.024701718241
7.0999999046;0.024284120649
7.1500000954;0.011595700867
7.1999998093;0.0022725551389
7.25;0.0011741839116
7.3000001907;0.0
7.3499999046;0.0
7.4000000954;0.0
7.4499998093;0.0048777819611
7.5;0.018099175766
7.5500001907;0.025622215122
7.5999999046;0.033577039838
7.6500000954;0.054585296661
7.6999998093;0.059728570282
7.75;0.068074129522
7.8000001907;0.086407758296
7.8499999046;0.083093218505
7.9000000954;0.085856974125
7.9499998093;0.081312395632
8.0;0.068701259792
8.0500001907;0.072670586407
8.1000003815;0.06383267045
8.1499996185;0.053012315184
8.1999998093;0.047167122364
8.25;0.037360236049
8.3000001907;0.030805394053
8.3500003815;0.02826291509
8.3999996185;0.029204428196
8.4499998093;0.017592553049
8.5;0.021516852081
8.5500001907;0.027855182067
8.6000003815;0.028879925609
8.6499996185;0.037052422762
8.6999998093;0.038904260844
8.75;0.048316605389
8.8000001907;0.053852416575
8.8500003815;0.062969312072
8.8999996185;0.069309256971
8.9499998093;0.079347036779
9.0;0.082444481552
9.0500001907;0.091109767556
9.1000003815;0.096097879112
9.1499996185;0.098854906857
9.1999998093;0.098854057491
9.25;0.093041360378
9.3000001907;0.090210080147
9.3500003815;0.077633403242
9.3999996185;0.07809727639
9.4495000839;0.064111113548
9.4995002747;0.054275691509
9.5495004654;0.049592837691
9.5994997025;0.037931252271
9.6494998932;0.04003277421
9.6995000839;0.029218455777
9.7495002747;0.03117836453
9.7995004654;0.032454352826
9.8494997025;0.035229485482
9.8994998932;0.039626076818
9.9495000839;0.052849203348
9.9995002747;0.055720444769
10.049500465;0.071523621678
10.099499702;0.078971408308
10.149499893;0.089560091496
10.199500084;0.099419981241
10.249500275;0.10428421199
10.299500465;0.10765866935
10.349499702;0.11099947244
10.399499893;0.10802463442
10.449500084;0.10391499847
10.499500275;0.098323076963
10.549500465;0.089365012944
10.599499702;0.083265028894
10.649499893;0.073361776769
10.699500084;0.066979400814
10.749500275;0.056716594845
10.799500465;0.052826907486
10.849499702;0.047640681267
10.899499893;0.043106764555
10.949500084;0.044886790216
10.999500275;0.042076859623
11.049500465;0.047685541213
11.099499702;0.052621230483
11.149499893;0.058399323374
11.199500084;0.064689151943
11.249500275;0.074041686952
11.299500465;0.081592455506
11.349499702;0.096170052886
11.399499893;0.10235896707
11.449500084;0.11045295745
11.499500275;0.11915061623
11.549500465;0.12317465246
11.599499702;0.12603700161
11.649499893;0.12337639928
11.699500084;0.12090840191
11.749500275;0.11735794693
11.799500465;0.1079782173
11.849499702;0.10361537337
11.899499893;0.091771394014
11.949500084;0.086859755218
11.999500275;0.075477108359
12.049500465;0.070877455175
12.099499702;0.069399937987
12.149499893;0.066349692643
12.199500084;0.066051967442
12.249500275;0.071041248739
12.299500465;0.076953344047
12.349499702;0.083819948137
12.399499893;0.090926788747
12.449500084;0.10111238062
12.499500275;0.11061316729
12.549500465;0.11752200872
12.599499702;0.12852311134
12.649499893;0.13746872544
12.699500084;0.1435303241
12.749500275;0.14625388384
12.799500465;0.1468423754
12.849499702;0.14661592245
12.899499893;0.14321860671
12.949500084;0.13274200261
12.999500275;0.1250654459
13.049500465;0.11475294083
13.099499702;0.10922637582
13.149499893;0.098165675998
13.199500084;0.094051174819
13.249500275;0.090550825
13.299500465;0.0869358778
13.349499702;0.09066247195
13.399499893;0.086230494082
13.449500084;0.092291362584
13.499500275;0.091788195074
13.549500465;0.10004098713
13.599499702;0.10204359144
13.649499893;0.11390341073
13.699500084;0.11568152905
13.749500275;0.12497828901
13.799500465;0.13320721686
13.849499702;0.13537815213
13.899499893;0.14053398371
13.949500084;0.1365827471
13.999500275;0.14213442802
14.049500465;0.13485643268
14.099499702;0.13616806269
14.149499893;0.1273984015
14.199500084;0.12765693665
14.249500275;0.1187260896
14.299500465;0.11353912205
14.349499702;0.1081463024
14.399499893;0.10227175057
14.449500084;0.098604530096
14.499500275;0.091910369694
14.549500465;0.096724301577
14.599499702;0.092375516891
14.649499893;0.098917476833
14.699500084;0.099052272737
14.749500275;0.10711212456
14.799500465;0.1109412089
14.849499702;0.11820591241
14.899499893;0.12327632308
14.949500084;0.13392171264
14.999500275;0.13858684897
15.049500465;0.1470617801
15.099499702;0.15487325191
15.149499893;0.15741036832
15.199500084;0.16106951237
15.249500275;0.15812705457
15.299500465;0.15782599151
15.349499702;0.15022397041
15.399499893;0.14515720308
15.449500084;0.13548231125
15.499500275;0.13266551495
15.549500465;0.12347833067
15.599499702;0.11888718605
15.649499893;0.11728110909
15.699500084;0.11150600761
15.749500275;0.11210250854
15.799500465;0.10940903425
15.849499702;0.11216084659
15.899499893;0.11430991441
15.949500084;0.12182529271
15.999500275;0.12417187542
16.049499512;0.13455021381
16.099500656;0.14404641092
16.149499893;0.15084150434
16.19949913;0.15899434686
16.249500275;0.16554994881
16.299499512;0.16896916926
16.349500656;0.17098599672
16.399499893;0.17273165286
16.44949913;0.17047269642
16.499500275;0.17100849748
16.549499512;0.16824051738
16.599500656;0.16210661829
16.649499893;0.15682913363
16.69949913;0.15346236527
16.749500275;0.14621023834
16.799499512;0.14337268472
16.849500656;0.13548964262
16.899499893;0.13167990744
16.94949913;0.13280324638
16.999500275;0.12998259068
17.049499512;0.13139304519
17.099500656;0.13002578914
17.149499893;0.13534089923
17.19949913;0.1349979043
17.249500275;0.1444696486
17.299499512;0.14301770926
17.349500656;0.1538503617
17.399499893;0.15826372802
17.44949913;0.16654971242
17.499500275;0.16851234436
17.549499512;0.17696760595
17.599500656;0.17660169303
17.649499893;0.17964030802
17.69949913;0.17525309324
17.749500275;0.1728156805
17.799499512;0.16802729666
17.849500656;0.16267845035
17.899499893;0.15460900962
17.94949913;0.15124879777
17.999500275;0.14244022965
18.049499512;0.13913907111
18.099500656;0.13447289169
18.149499893;0.12969554961
18.19949913;0.12854710221
18.249500275;0.13091208041
18.299499512;0.1316152662
18.349500656;0.13667999208
18.399499893;0.14292684197
18.44949913;0.1496219784
18.499500275;0.15855506063
18.549499512;0.16679821908
18.599500656;0.17303906381
18.649499893;0.17968803644
18.69949913;0.18497039378
18.749500275;0.18798786402
18.799499512;0.19118060172
18.849500656;0.19211114943
18.899499893;0.19152286649
18.94949913;0.19025151432
18.999500275;0.18680171669
19.049499512;0.17980571091
19.099500656;0.17590865493
19.149499893;0.16835692525
19.19949913;0.16081564128
19.249500275;0.15683043003
19.299499512;0.15422382951
19.349500656;0.14897893369
19.399999619;0.15019761026
19.450000763;0.14979252219
19.5;0.1522732079
19.549999237;0.15577453375
19.600000381;0.15977752209
19.649999619;0.16619513929
19.700000763;0.1727591902
19.75;0.18034176528
19.799999237;0.18815714121
19.850000381;0.19518390298
19.899999619;0.20155617595
19.950000763;0.20506042242
20.0;0.20946219563
20.049999237;0.21087166667
20.100000381;0.20895470679
20.149999619;0.20880483091
20.200000763;0.20323002338
20.25;0.20147518814
20.299999237;0.19593396783
20.350000381;0.18929767609
20.399999619;0.18441352248
20.450000763;0.18047255278
20.5;0.17306749523
20.549999237;0.17128637433
20.600000381;0.16947369277
20.649999619;0.16775013506
20.700000763;0.17079366744
20.75;0.17102400959
20.799999237;0.173423931
20.850000381;0.1774636656
20.899999619;0.18484985828
20.950000763;0.1896340996
21.0;0.19475257397
21.049999237;0.20129536092
21.100000381;0.20604637265
21.149999619;0.21360875666
21.200000763;0.21515917778
21.25;0.21910779178
21.299999237;0.22284422815
21.350000381;0.22372658551
21.399999619;0.22080866992
21.450000763;0.22012221813
21.5;0.21508462727
21.549999237;0.2102689743
21.600000381;0.20826438069
21.649999619;0.20195113122
21.700000763;0.19890668988
21.75;0.1944681257
21.799999237;0.18955683708
21.850000381;0.18607375026
21.899999619;0.18472805619
21.950000763;0.18121552467
22.0;0.18269887567
22.049999237;0.1835141778
22.100000381;0.1859511286
22.149999619;0.1912805289
22.200000763;0.19933010638
22.25;0.20374147594
22.299999237;0.21291132271
22.350000381;0.21896190941
22.399999619;0.22626702487
22.450000763;0.23048871756
22.5;0.23795647919
22.549999237;0.23616480827
22.600000381;0.23988714814
22.649999619;0.23653805256
22.700000763;0.23308931291
22.75;0.22832375765
22.799999237;0.22348557413
22.850000381;0.21389473975
22.899999619;0.20895585418
22.950000763;0.20252160728
23.0;0.19853001833
23.049999237;0.19355639815
23.100000381;0.19215421379
23.149999619;0.19143891335
23.200000763;0.19409713149
23.25;0.19595815241
23.299999237;0.19887234271
23.350000381;0.20351463556
23.399999619;0.21040824056
23.450000763;0.21291023493
23.5;0.22147811949
23.549999237;0.22495268285
23.600000381;0.22963564098
23.649999619;0.23240469396
23.700000763;0.23484072089
23.75;0.23501773179
23.799999237;0.23634442687
23.850000381;0.2333317101
23.899999619;0.23227164149
23.950000763;0.22957549989
24.0;0.22632621229
24.049999237;0.22125512362
24.100000381;0.21933405101
24.149999619;0.21333116293
24.200000763;0.21063889563
24.25;0.20576840639
24.299999237;0.20377017558
24.350000381;0.19846227765
24.399999619;0.19867968559
24.450000763;0.19446069002
24.5;0.19548253715
24.549999237;0.19667518139
24.600000381;0.19897586107
24.649999619;0.20397765934
24.700000763;0.2102766782
24.75;0.21724611521
24.799999237;0.22565120459
24.850000381;0.23379075527
24.899999619;0.23809470236
24.950000763;0.24328178167
25.0;0.247274369
25.049999237;0.25161808729
25.100000381;0.25367105007
25.149999619;0.25233772397
25.200000763;0.25040000677
25.25;0.24509584904
25.299999237;0.24006651342
25.350000381;0.23366290331
25.399999619;0.22835727036
25.450000763;0.22438107431
25.5;0.219210729
25.549999237;0.21893785894
25.600000381;0.21681267023
25.649999619;0.21863305569
25.700000763;0.22260582447
25.75;0.22649748623
25.799999237;0.23282772303
25.850000381;0.2378333658
25.899999619;0.2424338907
25.950000763;0.24692882597
26.0;0.25116848946
26.049999237;0.25393092632
26.100000381;0.25616815686
26.149999619;0.25921946764
26.200000763;0.25909692049
26.25;0.25914973021
26.299999237;0.2590713799
26.350000381;0.25711080432
26.399999619;0.25669679046
26.450000763;0.25568690896
26.5;0.25437113643
26.549999237;0.25375822186
26.600000381;0.25190579891
26.649999619;0.24926802516
26.700000763;0.24850663543
26.75;0.24537073076
26.799999237;0.24360670149
26.850000381;0.24249899387
26.899999619;0.2425776124
26.950000763;0.24148203433
27.0;0.24392917752
27.049999237;0.24434235692
27.100000381;0.2476144433
27.149999619;0.251773417
27.200000763;0.25664198399
27.25;0.26205044985
27.299999237;0.26856267452
27.350000381;0.27335697412
27.399999619;0.27818927169
27.450000763;0.28199586272
27.5;0.28416326642
27.549999237;0.28350493312
27.600000381;0.28288671374
27.649999619;0.27967327833
27.700000763;0.2757884264
27.75;0.27167883515
27.799999237;0.26558095217
27.850000381;0.26135933399
27.899999619;0.25733721256
27.950000763;0.2544733882
28.0;0.25431981683
28.049999237;0.25561800599
28.100000381;0.25766992569
28.149999619;0.26205471158
28.200000763;0.26426675916
28.25;0.26963236928
28.299999237;0.2735632062
28.350000381;0.27958160639
28.399999619;0.28478866816
28.450000763;0.28795138001
28.5;0.29165622592
28.549999237;0.29423832893
28.600000381;0.29693812132
28.649999619;0.2993812263
28.700000763;0.30222246051
28.75;0.30294731259
28.799999237;0.30212458968
28.850000381;0.30231279135
28.899999619;0.30038699508
28.950000763;0.30200642347
29.0;0.3019605279
29.049999237;0.30247986317
29.100000381;0.30054777861
29.149999619;0.29985320568
29.200000763;0.29821652174
29.25;0.29800400138
29.299999237;0.2966748178
29.350000381;0.29737311602
29.399999619;0.29876953363
29.450000763;0.29908123612
29.5;0.30317977071
29.549999237;0.30706107616
29.600000381;0.31046056747
29.649999619;0.3153321445
29.700000763;0.3220089972
29.75;0.32621967793
29.799999237;0.32999816537
29.850000381;0.33345848322
29.899999619;0.33284834027
29.950000763;0.33444604278
30.0;0.33340981603
30.049999237;0.33193281293
30.100000381;0.32757785916
30.149999619;0.32293233275
30.200000763;0.31769201159
30.25;0.31216874719
30.299999237;0.30784589052
30.350000381;0.30297583342
30.399999619;0.30123841763
30.450000763;0.29872882366
30.5;0.29774841666
30.549999237;0.29867428541
30.600000381;0.30020746589
30.649999619;0.30273967981
30.700000763;0.30527573824
30.75;0.30866292119
30.799999237;0.31045749784
30.850000381;0.31442984939
30.899999619;0.31591528654
30.950000763;0.31710129976
31.0;0.31993371248
31.049999237;0.31884294748
31.100000381;0.32161778212
31.149999619;0.32127609849
31.200000763;0.32230979204
31.25;0.31938740611
31.299999237;0.3188368082
31.350000381;0.31645521522
31.399999619;0.31563571095
31.450000763;0.31523138285
31.5;0.31250348687
31.549999237;0.31273171306
31.600000381;0.31166362762
31.649999619;0.30935552716
31.700000763;0.31168758869
31.75;0.30970481038
31.799999237;0.31060370803
31.850000381;0.31350290775
31.899999619;0.31583294272
31.950000763;0.31886136532
32.0;0.32404786348
32.049999237;0.32737970352
32.099998474;0.33161339164
32.150001526;0.33711603284
32.200000763;0.34000852704
32.25;0.34416612983
32.299999237;0.34523269534
32.349998474;0.3460406661
32.400001526;0.34624296427
32.450000763;0.34706896544
32.5;0.34566384554
32.549999237;0.34515121579
32.599998474;0.34409657121
32.650001526;0.34153550863
32.700000763;0.34152895212
32.75;0.33634030819
32.799999237;0.33637487888
32.849998474;0.33739176393
32.900001526;0.33771124482
32.950000763;0.34075751901
33.0;0.34269979596
33.049999237;0.34249052405
33.099998474;0.34517493844
33.150001526;0.34902945161
33.200000763;0.35067495704
33.25;0.35522812605
33.299999237;0.35722509027
33.349998474;0.35857495666
33.400001526;0.35910198092
33.450000763;0.36020976305
33.5;0.36021393538
33.549999237;0.3616219461
33.599998474;0.36073848605
33.650001526;0.35975918174
33.700000763;0.35854533315
33.75;0.35476404428
33.799999237;0.352291435
33.849998474;0.35033139586
33.900001526;0.34800744057
33.950000763;0.34733268619
34.0;0.34466251731
34.049999237;0.34211939573
34.099998474;0.33941790462
34.150001526;0.33850309253
34.200000763;0.33646184206
34.25;0.33798977733
34.299999237;0.3399836421
34.349998474;0.340382725
34.400001526;0.34132197499
34.450000763;0.34136396646
34.5;0.34260699153
34.549999237;0.3446495831
34.599998474;0.34432062507
34.650001526;0.34454333782
34.700000763;0.34209153056
34.75;0.33989754319
34.799999237;0.33667391539
34.849998474;0.3346234262
34.900001526;0.32968893647
34.950000763;0.32811582088
35.0;0.32593080401
35.049999237;0.32350081205
35.099998474;0.32047691941
35.150001526;0.3212133944
35.200000763;0.3179744184
35.25;0.3218049407
35.299999237;0.32103377581
35.349998474;0.32601901889
35.400001526;0.3288320601
35.450000763;0.3330168426
35.5;0.33646073937
35.549999237;0.34260115027
35.599998474;0.34456408024
35.650001526;0.34936714172
35.700000763;0.35142341256
35.75;0.35425770283
35.799999237;0.35377702117
35.849998474;0.3555162549
35.900001526;0.35483208299
35.950000763;0.35645180941
36.0;0.35565063357
36.049999237;0.3566173315
36.099998474;0.35620298982
36.150001526;0.35651370883
36.200000763;0.35406577587
36.25;0.35507458448
36.299999237;0.35296288133
36.349998474;0.3540520668
36.400001526;0.35286363959
36.450000763;0.35356932878
36.5;0.3529343307
36.549999237;0.35530281067
36.599998474;0.35688331723
36.650001526;0.3593878746
36.700000763;0.36108541489
36.75;0.36364459991
36.799999237;0.36506462097
36.849998474;0.36830201745
36.900001526;0.36824917793
36.950000763;0.3707780242
37.0;0.36958822608
37.049999237;0.36952409148
37.099998474;0.36536866426
37.150001526;0.36247086525
37.200000763;0.35629186034
37.25;0.35018569231
37.299999237;0.34284281731
37.349998474;0.33542501926
37.400001526;0.32537803054
37.450000763;0.31663843989
37.5;0.30541789532
37.549999237;0.29757606983
37.599998474;0.29048222303
37.650001526;0.28224676847
37.700000763;0.27529102564
37.75;0.27042466402
37.799999237;0.26649862528
37.849998474;0.26756793261
37.900001526;0.26674926281
37.950000763;0.26996809244
38.0;0.27098944783
38.049999237;0.27424201369
38.099998474;0.27810025215
38.149501801;0.28377872705
38.199501038;0.28825995326
38.249500275;0.29635390639
38.299499512;0.3014870286
38.349498749;0.30845400691
38.399501801;0.31425842643
38.449501038;0.32191818953
38.499500275;0.32591757178
38.549499512;0.33288234472
38.599498749;0.33780702949
38.649501801;0.33940467238
38.699501038;0.33997967839
38.749500275;0.33718463778
38.799499512;0.33519947529
38.849498749;0.33380535245
38.899501801;0.32916164398
38.949501038;0.32758000493
38.999500275;0.322296381
39.049499512;0.31998953223
39.099498749;0.3169002831
39.149501801;0.31460508704
39.199501038;0.31365177035
39.249500275;0.3134213984
39.299499512;0.31504511833
39.349498749;0.31856456399
39.399501801;0.32377117872
39.449501038;0.32738947868
39.499500275;0.33432158828
39.549499512;0.3405610621
39.599498749;0.34774234891
39.649501801;0.35088005662
39.699501038;0.35790854692
39.749500275;0.36103081703
39.799499512;0.36407381296
39.849498749;0.36560541391
39.899501801;0.36717915535
39.949501038;0.36746627092
39.999500275;0.36563813686
40.049499512;0.36593511701
40.099498749;0.36212494969
40.149501801;0.35989201069
40.199501038;0.35803160071
40.249500275;0.35468545556
40.299499512;0.34969636798
40.349498749;0.34773463011
40.399501801;0.34530195594
40.449501038;0.34550520778
40.499500275;0.34481328726
40.549499512;0.34764510393
40.599498749;0.34820967913
40.649501801;0.34989374876
40.699501038;0.35346162319
40.749500275;0.362980932
40.799499512;0.36774775386
40.849498749;0.37704983354
40.899501801;0.38246405125
40.949501038;0.39028280973
40.999500275;0.39969617128
41.049499512;0.40770345926
41.099498749;0.40741762519
41.149501801;0.41113451123
41.199501038;0.41209349036
41.249500275;0.4118629992
41.299499512;0.41032713652
41.349498749;0.40990486741
41.399501801;0.40406346321
41.449501038;0.39853131771
41.499500275;0.39541113377
41.549499512;0.38927859068
41.599498749;0.38201287389
41.649501801;0.37987241149
41.699501038;0.37992009521
41.749500275;0.37714871764
41.799499512;0.37618517876
41.849498749;0.37962424755
41.899501801;0.37937361002
41.949501038;0.38280984759
41.999500275;0.39253914356
42.049499512;0.39928284287
42.099498749;0.40428504348
42.149501801;0.41083115339
42.199501038;0.42150634527
42.249500275;0.42640674114
42.299499512;0.43306741118
42.349498749;0.4405990541
42.399501801;0.44285485148
42.449501038;0.44277191162
42.499500275;0.44729161263
42.549499512;0.44674938917
42.599498749;0.44643878937
42.649501801;0.44121733308
42.699501038;0.43901965022
42.749500275;0.43432036042
42.799499512;0.42906600237
42.849498749;0.42598193884
42.899501801;0.424136132
42.949501038;0.41859507561
42.999500275;0.41769292951
43.049499512;0.41747689247
43.099498749;0.4177724421
43.149501801;0.42233157158
43.199501038;0.42908751965
43.249500275;0.43866041303
43.299499512;0.44416677952
43.349498749;0.44862234592
43.399501801;0.45323106647
43.449501038;0.46191141009
43.499500275;0.4658473134
43.549499512;0.47153931856
43.599498749;0.47640347481
43.649501801;0.47766408324
43.699501038;0.47744160891
43.749500275;0.4790584743
43.799499512;0.47748991847
43.849498749;0.47286525369
43.899501801;0.47129377723
43.949501038;0.46960800886
43.999500275;0.46324384212
44.049499512;0.46208301187
44.099498749;0.45931988955
44.149501801;0.4563100338
44.199501038;0.45881292224
44.249500275;0.4605217278
44.299499512;0.45790791512
44.349498749;0.46035128832
44.399501801;0.46466392279
44.449501038;0.46857514977
44.499500275;0.47291725874
44.549499512;0.47554793954
44.599498749;0.48314169049
44.649501801;0.48827284575
44.699501038;0.48955625296
44.749500275;0.49402958155
44.799499512;0.49653694034
44.849498749;0.5003246665
44.899501801;0.50058841705
44.949501038;0.49885180593
44.999500275;0.49823310971
45.049499512;0.49655878544
45.099498749;0.49664673209
45.149501801;0.49206754565
45.199501038;0.48909017444
45.249500275;0.48602241278
45.299499512;0.48011985421
45.349498749;0.48030215502
45.399501801;0.48064801097
45.449501038;0.47975316644
45.499500275;0.48263001442
45.549499512;0.48984244466
45.599498749;0.4949285388
45.649501801;0.49874985218
45.699501038;0.50382226706
45.749500275;0.51105296612
45.799499512;0.51598775387
45.849498749;0.52242809534
45.899501801;0.52542716265
45.949501038;0.52998489141
45.999500275;0.53234428167
46.049499512;0.53542327881
46.099498749;0.53374987841
46.149501801;0.53162097931
46.199501038;0.52930951118
46.249500275;0.52503323555
46.299499512;0.52129679918
46.349498749;0.51896333694
46.399501801;0.5156583786
46.449501038;0.5169813633
46.499500275;0.51594942808
46.549499512;0.51418238878
46.599498749;0.51388669014
46.649501801;0.5154941678
46.699501038;0.51863598824
46.749500275;0.52441865206
46.799499512;0.52861106396
46.849498749;0.53385722637
46.899501801;0.53933423758
46.949501038;0.54332154989
46.999500275;0.54594701529
47.049499512;0.55116182566
47.099498749;0.55294293165
47.149501801;0.55635195971
47.199501038;0.55429375172
47.249500275;0.55320155621
47.299499512;0.55314290524
47.349498749;0.5519823432
47.399501801;0.55261582136
47.449501038;0.55143034458
47.499500275;0.54930567741
47.549499512;0.54853516817
47.599498749;0.54397171736
47.649501801;0.54148244858
47.699501038;0.53940486908
47.749500275;0.53926974535
47.799499512;0.53955465555
47.849498749;0.54030537605
47.899501801;0.53902220726
47.949501038;0.54061383009
47.999500275;0.54109108448
48.049499512;0.54410094023
48.099498749;0.54717326164
48.149501801;0.55136084557
48.199501038;0.55425155163
48.249500275;0.56055605412
48.299499512;0.55959266424
48.349498749;0.56096583605
48.399501801;0.56206387281
48.449501038;0.56416165829
48.499500275;0.56273639202
48.549499512;0.56079560518
48.599498749;0.55632334948
48.649501801;0.5514165163
48.699501038;0.54287534952
48.749500275;0.53677886724
48.799499512;0.53157919645
48.849498749;0.52726203203
48.899501801;0.52574402094
48.949501038;0.52438855171
48.999500275;0.52346611023
49.049499512;0.52349418402
49.099498749;0.52595335245
49.149501801;0.5300398469
49.199501038;0.53367501497
49.249500275;0.53614157438
49.299499512;0.53790694475
49.349498749;0.53987437487
49.399501801;0.53934031725
49.449501038;0.53831595182
49.499500275;0.53647655249
49.549499512;0.53225147724
49.599498749;0.52707570791
49.649501801;0.52182239294
49.699501038;0.51525217295
49.749500275;0.51247614622
49.799499512;0.50678271055
49.849498749;0.50639808178
49.899501801;0.50520700216
49.949501038;0.50632303953
49.999500275;0.50214934349
50.049499512;0.50402009487
50.099498749;0.50209504366
50.149501801;0.50762885809
50.199501038;0.51067531109
50.249500275;0.51430088282
50.299499512;0.51703315973
50.349498749;0.51805275679
50.399501801;0.5180156827
50.449501038;0.5205116272
50.499500275;0.52304255962
50.549499512;0.52641713619
50.599498749;0.52878063917
50.649501801;0.52679270506
50.699501038;0.52560061216
50.749500275;0.52561211586
50.799499512;0.52479505539
50.849498749;0.52547252178
50.899501801;0.5234875679
50.949501038;0.51942020655
50.999500275;0.51851427555
51.049499512;0.51407986879
51.099498749;0.51162695885
51.149501801;0.51045799255
51.199501038;0.51303642988
51.249500275;0.51401174068
51.299499512;0.51582437754
51.349498749;0.51802003384
51.399501801;0.52169245481
51.449501038;0.52685523033
51.499500275;0.52858030796
51.549499512;0.53232008219
51.599498749;0.53285682201
51.649501801;0.53262883425
51.699501038;0.53085500002
51.749500275;0.52757978439
51.799499512;0.52161508799
51.849498749;0.51513630152
51.899501801;0.50911384821
51.949501038;0.50463163853
51.999500275;0.50023925304
52.049499512;0.49458679557
52.099498749;0.49102815986
52.149501801;0.48770558834
52.199501038;0.4863280654
52.249500275;0.48939019442
52.299499512;0.48930594325
52.349498749;0.4928367734
52.399501801;0.49062797427
52.449501038;0.49271389842
52.499500275;0.4930601716
52.549499512;0.49316781759
52.599498749;0.49305704236
52.649501801;0.49243304133
52.699501038;0.48789918423
52.749500275;0.48622667789
52.799499512;0.48392760754
52.849498749;0.48230078816
52.899501801;0.47832667828
52.949501038;0.47919034958
52.999500275;0.47807630897
53.049499512;0.4756527245
53.099498749;0.47444361448
53.149501801;0.47429963946
53.199501038;0.47340974212
53.249500275;0.47289466858
53.299499512;0.46871727705
53.349498749;0.47315010428
53.399501801;0.46783354878
53.449501038;0.46437805891
53.499500275;0.46305283904
53.549499512;0.46027845144
53.599498749;0.46041613817
53.649501801;0.45981997252
53.699501038;0.45740625262
53.749500275;0.45924305916
53.799499512;0.45573270321
53.849498749;0.45644980669
53.899501801;0.45864275098
53.949501038;0.4586417973
53.999500275;0.4548805356
54.049499512;0.45514026284
54.099498749;0.45300477743
54.149501801;0.45055019855
54.199501038;0.44370701909
54.249500275;0.44029903412
54.299499512;0.43675038218
54.349498749;0.43217143416
54.399501801;0.42429426312
54.449501038;0.41935110092
54.499500275;0.41213101149
54.549499512;0.4053889811
54.599498749;0.39891517162
54.649501801;0.39374610782
54.699501038;0.38695982099
54.749500275;0.38093918562
54.799499512;0.37826058269
54.849498749;0.37570273876
54.899501801;0.37247955799
54.949501038;0.36985987425
54.999500275;0.3656308949
55.049499512;0.3653485477
55.099498749;0.36692267656
55.149501801;0.36677625775
55.199501038;0.36918842793
55.249500275;0.37086188793
55.299499512;0.37286192179
55.349498749;0.37898153067
55.399501801;0.38210737705
55.449501038;0.3898012042
55.499500275;0.39778599143
55.549499512;0.40528267622
55.599498749;0.41644817591
55.649501801;0.42525723577
55.699501038;0.43288365006
55.749500275;0.43802183867
55.799499512;0.44541859627
55.849498749;0.44793280959
55.899501801;0.44886213541
55.949501038;0.4448646605
55.999500275;0.44109633565
56.049499512;0.43253913522
56.099498749;0.42574626207
56.149501801;0.4163877368
56.199501038;0.4091565907
56.249500275;0.40088826418
56.299499512;0.39263170958
56.349498749;0.38518619537
56.399501801;0.38344427943
56.449501038;0.38403448462
56.499500275;0.38604003191
56.549499512;0.39074620605
56.599498749;0.39907801151
56.649501801;0.40543052554
56.699501038;0.41551443934
56.749500275;0.42325356603
56.799499512;0.43132263422
56.849498749;0.44034740329
56.899501801;0.45001363754
56.949501038;0.460688591
56.999500275;0.46637019515
57.049499512;0.46602416039
57.099498749;0.46866282821
57.149501801;0.47331753373
57.199501038;0.47205102444
57.249500275;0.46688002348
57.299499512;0.46819609404
57.349498749;0.46274343133
57.399501801;0.4565525949
57.449501038;0.44533216953
57.499500275;0.43507659435
57.549499512;0.42933216691
57.599498749;0.42672130466
57.649501801;0.41990786791
57.699501038;0.41841486096
57.749500275;0.41847008467
57.799499512;0.42392209172
57.849498749;0.42954874039
57.899501801;0.4369301796
57.949501038;0.44220790267
57.999500275;0.45785701275
58.049499512;0.47573944926
58.099498749;0.48864498734
58.149501801;0.49733936787
58.199501038;0.50608557463
58.249500275;0.51404470205
58.299499512;0.52312684059
58.349498749;0.52370041609
58.399501801;0.52653634548
58.449501038;0.52704936266
58.499500275;0.52271938324
58.549499512;0.51274675131
58.599498749;0.50817781687
58.649501801;0.50151503086
58.699501038;0.49259895086
58.749500275;0.48726534843
58.799499512;0.48313719034
58.849498749;0.47821131349
58.899501801;0.47657603025
58.949501038;0.47293710709
58.999500275;0.4778919518
59.049499512;0.48410713673
59.099498749;0.49028098583
59.149501801;0.49522575736
59.199501038;0.50387823582
59.249500275;0.5089110136
59.299499512;0.51746630669
59.349498749;0.52742135525
59.399501801;0.53277343512
59.449501038;0.53810703754
59.499500275;0.54873883724
59.549499512;0.55016940832
59.599498749;0.54969799519
59.649501801;0.55154967308
59.699501038;0.54780209064
59.749500275;0.54481494427
59.799499512;0.53791081905
59.849498749;0.53019267321
59.899501801;0.52836608887
59.949501038;0.52045214176
59.999500275;0.5150975585
60.049499512;0.51228934526
60.099498749;0.50811320543
60.149501801;0.50574994087
60.199501038;0.5070092082
60.249500275;0.50697785616
60.299499512;0.51233804226
60.349498749;0.52270740271
60.399501801;0.52794849873
60.449501038;0.5358273387
60.499500275;0.54452526569
60.549499512;0.54958927631
60.599498749;0.55499178171
60.649501801;0.56361210346
60.699501038;0.56690055132
60.749500275;0.57090133429
60.799499512;0.57425421476
60.849498749;0.57143765688
60.899501801;0.57095766068
60.949501038;0.5680705905
60.999500275;0.5617069006
61.049499512;0.55211168528
61.099498749;0.54199945927
61.149501801;0.53922384977
61.199501038;0.53431093693
61.249500275;0.52397555113
61.299499512;0.52250295877
61.349498749;0.52028203011
61.399501801;0.51764589548
61.449501038;0.52000778913
61.499500275;0.52276802063
61.549499512;0.52892369032
61.599498749;0.54064798355
61.649501801;0.5433357358
61.699501038;0.54893249273
61.749500275;0.56028807163
61.799499512;0.56289869547
61.849498749;0.56786596775
61.899501801;0.56935912371
61.949501038;0.57018923759
61.999500275;0.56974208355
62.049499512;0.56641316414
62.099498749;0.56013864279
62.149501801;0.5578904748
62.199501038;0.55271315575
62.249500275;0.54732763767
62.299499512;0.54717242718
62.349498749;0.54307305813
62.399501801;0.54099184275
62.449501038;0.54165107012
62.499500275;0.53625583649
62.549499512;0.5369001627
62.599498749;0.53661084175
62.649501801;0.53354525566
62.699501038;0.53352022171
62.749500275;0.53302747011
62.799499512;0.53747910261
62.849498749;0.5408115983
62.899501801;0.54147446156
62.949501038;0.54223716259
62.999500275;0.54709494114
63.049499512;0.54967212677
63.099498749;0.55288439989
63.149501801;0.56148582697
63.199501038;0.56869655848
63.249500275;0.57309824228
63.299499512;0.57135033607
63.349498749;0.56704598665
63.399501801;0.56121736765
63.449501038;0.55394732952
63.499500275;0.54998731613
63.549499512;0.54673689604
63.599498749;0.54432344437
63.649501801;0.53552001715
63.699501038;0.53131836653
63.749500275;0.52327132225
63.799499512;0.52046531439
63.849498749;0.5223518014
63.899501801;0.52980875969
63.949501038;0.53123724461
63.999500275;0.5388906002
64.049499512;0.54262238741
64.099502563;0.54689651728
64.149497986;0.55379593372
64.199501038;0.55718255043
64.24949646;0.55947238207
64.299499512;0.5590480566
64.349502563;0.55419802666
64.399497986;0.55379992723
64.449501038;0.55673414469
64.49949646;0.55350482464
64.549499512;0.54943865538
64.599502563;0.54392242432
64.649497986;0.5370579958
64.699501038;0.53413116932
64.74949646;0.5285051465
64.799499512;0.52803355455
64.849502563;0.5300848484
64.899497986;0.52597284317
64.949501038;0.51938003302
64.99949646;0.51886373758
65.049499512;0.5176769495
65.099502563;0.52468198538
65.149497986;0.52912813425
65.199501038;0.53168135881
65.24949646;0.53435885906
65.299499512;0.53871995211
65.349502563;0.53683775663
65.399497986;0.54363638163
65.449501038;0.54832965136
65.49949646;0.55011123419
65.549499512;0.54984182119
65.599502563;0.54578351974
65.649497986;0.53893810511
65.699501038;0.53639793396
65.74949646;0.52972769737
65.799499512;0.52316516638
65.849502563;0.51718002558
65.899497986;0.5090444088
65.949501038;0.50202685595
65.99949646;0.49632528424
66.049499512;0.49422356486
66.099502563;0.49246892333
66.149497986;0.49340310693
66.199501038;0.49343630672
66.24949646;0.49160814285
66.299499512;0.50023537874
66.349502563;0.50098925829
66.399497986;0.50625127554
66.449501038;0.50790911913
66.49949646;0.50295686722
66.549499512;0.50095105171
66.599502563;0.49423509836
66.649497986;0.49078673124
66.699501038;0.48874592781
66.74949646;0.48181346059
66.799499512;0.47732231021
66.849502563;0.46840554476
66.899497986;0.45961821079
66.949501038;0.45597541332
66.99949646;0.45402634144
67.049499512;0.4497012198
67.099502563;0.45113375783
67.149497986;0.4513400197
67.199501038;0.44606721401
67.24949646;0.44530257583
67.299499512;0.44614717364
67.349502563;0.44273808599
67.399497986;0.44637435675
67.449501038;0.4461684823
67.49949646;0.44714185596
67.549499512;0.44843691587
67.599502563;0.44878262281
67.649497986;0.44822400808
67.699501038;0.45072314143
67.74949646;0.44930016994
67.799499512;0.4468383193
67.849502563;0.4448903203
67.899497986;0.43688854575
67.949501038;0.43275916576
67.99949646;0.42697411776
68.049499512;0.41831809282
68.099502563;0.41453561187
68.149497986;0.41165572405
68.199501038;0.40506312251
68.24949646;0.40642037988
68.299499512;0.41024214029
68.349502563;0.4162901938
68.399497986;0.4215529561
68.449501038;0.42532098293
68.49949646;0.43323847651
68.549499512;0.44131687284
68.599502563;0.44588676095
68.649497986;0.44652974606
68.699501038;0.44959637523
68.74949646;0.44731864333
68.799499512;0.44406825304
68.849502563;0.44004815817
68.899497986;0.43551450968
68.949501038;0.42961338162
68.99949646;0.42714032531
69.049499512;0.42361345887
69.099502563;0.42156368494
69.149497986;0.4229516983
69.199501038;0.42140701413
69.24949646;0.41968494654
69.299499512;0.42217868567
69.349502563;0.423114568
69.399497986;0.42362874746
69.449501038;0.42227312922
69.49949646;0.42050498724
69.549499512;0.42185080051
69.599502563;0.41881069541
69.649497986;0.41809377074
69.699501038;0.41959521174
69.74949646;0.41732621193
69.799499512;0.42005375028
69.849502563;0.42516800761
69.899497986;0.42533701658
69.949501038;0.42661145329
69.99949646;0.42720165849
70.049499512;0.42377901077
70.099502563;0.42350891232
70.149497986;0.41933307052
70.199501038;0.41376760602
70.24949646;0.41058829427
70.299499512;0.40253594518
70.349502563;0.39566808939
70.399497986;0.39348861575
70.449501038;0.38957613707
70.49949646;0.38688197732
70.549499512;0.38907545805
70.599502563;0.39016494155
70.649497986;0.3941487968
70.699501038;0.40056592226
70.74949646;0.40543305874
70.799499512;0.41005343199
70.849502563;0.41929408908
70.899497986;0.41964992881
70.949501038;0.42609530687
70.99949646;0.42862308025
71.049499512;0.42680335045
71.099502563;0.42597329617
71.149497986;0.42882305384
71.199501038;0.42155516148
71.24949646;0.41610357165
71.299499512;0.41355419159
71.349502563;0.40959376097
71.399497986;0.40048965812
71.449501038;0.38950759172
71.49949646;0.37767696381
71.549499512;0.37347146869
71.599502563;0.3659337461
71.649497986;0.3633543849
71.699501038;0.36141332984
71.74949646;0.35951244831
71.799499512;0.35202771425
71.849502563;0.34951341152
71.899497986;0.3486160934
71.949501038;0.34968993068
71.99949646;0.35049143434
72.049499512;0.34427991509
72.099502563;0.33983168006
72.149497986;0.33728131652
72.199501038;0.32797989249
72.24949646;0.3212633431
72.299499512;0.31169450283
72.349502563;0.30141100287
72.399497986;0.29306915402
72.449501038;0.28976929188
72.49949646;0.28730306029
72.549499512;0.29066964984
72.599502563;0.29268196225
72.649497986;0.29727095366
72.699501038;0.30331069231
72.74949646;0.30977961421
72.799499512;0.31691372395
72.849502563;0.3309943974
72.899497986;0.34063851833
72.949501038;0.34484884143
72.99949646;0.35294345021
73.049499512;0.35448375344
73.099502563;0.35559183359
73.149497986;0.35835251212
73.199501038;0.36080980301
73.24949646;0.35961446166
73.299499512;0.35950669646
73.349502563;0.35897919536
73.399497986;0.36016252637
73.449501038;0.36083483696
73.49949646;0.35704952478
73.549499512;0.35510963202
73.599502563;0.35327991843
73.649497986;0.34656494856
73.699501038;0.34171432257
73.74949646;0.3424757123
73.799499512;0.33669620752
73.849502563;0.33338320255
73.899497986;0.33051466942
73.949501038;0.32897913456
73.99949646;0.33167695999
74.049499512;0.33635386825
74.099502563;0.34161457419
74.149497986;0.35300984979
74.199501038;0.36175078154
74.24949646;0.36751556396
74.299499512;0.37648949027
74.349502563;0.38573092222
74.399497986;0.38848048449
74.449501038;0.39513608813
74.49949646;0.39623725414
74.549499512;0.39785909653
74.599502563;0.40019616485
74.649497986;0.40231740475
74.699501038;0.40101495385
74.74949646;0.40001708269
74.799499512;0.39447456598
74.849502563;0.39269319177
74.899497986;0.39432102442
74.949501038;0.39595583081
74.99949646;0.39337608218
75.049499512;0.3925985992
75.099502563;0.39001998305
75.149497986;0.38935795426
75.199501038;0.38978078961
75.24949646;0.38878285885
75.299499512;0.38911366463
75.349502563;0.39115813375
75.399497986;0.3956207931
75.449501038;0.40310227871
75.49949646;0.41087606549
75.549499512;0.41713491082
75.599502563;0.42511838675
75.649497986;0.4335244298
75.699501038;0.43910601735
75.74949646;0.44942063093
75.799499512;0.45402830839
75.849502563;0.45679154992
75.899497986;0.45898720622
75.949501038;0.45766124129
75.99949646;0.45369413495
76.049499512;0.44947269559
76.099502563;0.44631108642
76.149497986;0.44634449482
76.199501038;0.44205245376
76.24949646;0.43487203121
76.299499512;0.43291035295
76.349502563;0.43073663116
76.399497986;0.43063426018
76.449501038;0.43268027902
76.49949646;0.43425706029
76.549499512;0.4391913712
76.599502563;0.44017720222
76.649497986;0.44284418225
76.699501038;0.44888356328
76.74949646;0.45214682817
76.799499512;0.45473954082
76.849502563;0.46083876491
76.899497986;0.46935263276
76.949501038;0.47474324703
76.99949646;0.474950701
77.049499512;0.47819280624
77.099502563;0.48225280643
77.149497986;0.48440265656
77.199501038;0.48219186068
77.24949646;0.48221442103
77.299499512;0.48053616285
77.349502563;0.47565415502
77.399497986;0.46988844872
77.449501038;0.46780335903
77.49949646;0.46434006095
77.549499512;0.45782470703
77.599502563;0.45568367839
77.649497986;0.4557621181
77.699501038;0.45592930913
77.74949646;0.45580101013
77.799499512;0.45918527246
77.849502563;0.46567884088
77.899497986;0.47278508544
77.949501038;0.47484183311
77.99949646;0.48133212328
78.049499512;0.48950341344
78.099502563;0.49786731601
78.149497986;0.50365400314
78.199501038;0.50943392515
78.24949646;0.51170247793
78.299499512;0.50904107094
78.349502563;0.50165516138
78.399497986;0.49830716848
78.449501038;0.49146410823
78.49949646;0.48572421074
78.549499512;0.48231837153
78.599502563;0.47621995211
78.649497986;0.46757486463
78.699501038;0.45846432447
78.74949646;0.4543274343
78.799499512;0.45872434974
78.849502563;0.46058398485
78.899497986;0.47013658285
78.949501038;0.47665143013
78.99949646;0.48060390353
79.049499512;0.48319870234
79.099502563;0.48777678609
79.149497986;0.49318504333
79.199501038;0.4956869185
79.24949646;0.49860274792
79.299499512;0.50137078762
79.349502563;0.498454988
79.399497986;0.49204206467
79.449501038;0.48725345731
79.49949646;0.486566782
79.549499512;0.48248380423
79.599502563;0.47987180948
79.649497986;0.47858545184
79.699501038;0.47533267736
79.74949646;0.47297549248
79.799499512;0.46978789568
79.849502563;0.46807160974
79.899497986;0.46822702885
79.949501038;0.46855276823
79.99949646;0.46783462167
80.049499512;0.47086212039
80.099502563;0.47223490477
80.149497986;0.47042295337
80.199501038;0.47250854969
80.24949646;0.47761744261
80.299499512;0.48035514355
80.349502563;0.48461064696
80.399497986;0.48753705621
80.449501038;0.4893630445
80.49949646;0.48983681202
80.549499512;0.488589257
80.599502563;0.48672118783
80.649497986;0.4861060679
80.699501038;0.48758614063
80.74949646;0.48565992713
80.799499512;0.48244979978
80.849502563;0.47730594873
80.899497986;0.47001072764
80.949501038;0.46198281646
80.99949646;0.46103203297
81.049499512;0.45865511894
81.099502563;0.45693576336
81.149497986;0.4580822289
81.199501038;0.45727699995
81.24949646;0.45505744219
81.299499512;0.45712706447
81.349502563;0.4583812058
81.399497986;0.46377137303
81.449501038;0.47143161297
81.49949646;0.47655069828
81.549499512;0.47922974825
81.599502563;0.48164734244
81.649497986;0.48291647434
81.699501038;0.48366719484
81.74949646;0.48224025965
81.799499512;0.4804764688
81.849502563;0.47458213568
81.899497986;0.46827334166
81.949501038;0.45961585641
81.99949646;0.45261788368
82.049499512;0.44650521874
82.099502563;0.44168332219
82.149497986;0.43709686399
82.199501038;0.43216204643
82.24949646;0.43146961927
82.299499512;0.43183782697
82.349502563;0.43637827039
82.399497986;0.43964025378
82.449501038;0.43806624413
82.49949646;0.44581469893
82.549499512;0.44311648607
82.599502563;0.44669216871
82.649497986;0.45185008645
82.699501038;0.44972574711
82.74949646;0.45179179311
82.799499512;0.4508369863
82.849502563;0.4452009201
82.899497986;0.44776031375
82.949501038;0.4470795989
82.99949646;0.43863809109
83.049499512;0.4311850667
83.099502563;0.42355951667
83.149497986;0.41228878498
83.199501038;0.40272915363
83.24949646;0.39739522338
83.299499512;0.39228066802
83.349502563;0.38176351786
83.399497986;0.37977391481
83.449501038;0.37989348173
83.49949646;0.38022977114
83.549499512;0.39068341255
83.599502563;0.39601814747
83.649497986;0.40355437994
83.699501038;0.40793335438
83.74949646;0.41378048062
83.799499512;0.4149441421
83.849502563;0.41595625877
83.899497986;0.41391462088
83.949501038;0.41046559811
83.99949646;0.40631693602
84.049499512;0.39801874757
84.099502563;0.39182367921
84.149497986;0.38593074679
84.199501038;0.37938007712
84.24949646;0.37528914213
84.299499512;0.37018510699
84.349502563;0.36483371258
84.399497986;0.36149448156
84.449501038;0.3584677875
84.49949646;0.35621067882
84.549499512;0.34931537509
84.599502563;0.35049876571
84.649497986;0.35070732236
84.699501038;0.34988513589
84.74949646;0.35589900613
84.799499512;0.36224672198
84.849502563;0.36415407062
84.899497986;0.37285235524
84.949501038;0.3785354495
84.99949646;0.37731200457
85.049499512;0.38665345311
85.099502563;0.37931883335
85.149497986;0.3722114861
85.199501038;0.3563388288
85.24949646;0.32167705894
85.299499512;0.29342719913
85.349502563;0.29170417786
85.399497986;0.25861266255
85.449501038;0.25088870525
85.49949646;0.21548418701
85.549499512;0.24564276636
85.599502563;0.21276250482
85.649497986;0.2174731791
85.699501038;0.29306858778
85.74949646;0.25099650025
85.799499512;0.23372162879
85.849502563;0.32798245549
85.899497986;0.3250592649
85.949501038;0.34206530452
85.99949646;0.33783352375
86.049499512;0.32677060366
86.099502563;0.36276951432
86.149497986;0.34279495478
86.199501038;0.37025997043
86.24949646;0.36568242311
86.299499512;0.33869493008
86.349502563;0.39565989375
86.399497986;0.37153321505
86.449501038;0.36827465892
86.49949646;0.34677928686
86.549499512;0.35897865891
86.599502563;0.29569143057
86.649497986;0.25953412056
86.699501038;0.29914721847
86.74949646;0.27619129419
86.799499512;0.21347114444
86.849502563;0.17670047283
86.899497986;0.20783169568
86.949501038;0.14606811106
86.99949646;0.17146784067
87.049499512;0.15000189841
87.099502563;0.19877253473
87.149497986;0.26140397787
87.199501038;0.21780367196
87.24949646;0.24514627457
87.299499512;0.30194985867
87.349502563;0.25507670641
87.399497986;0.26895421743
87.449501038;0.26687464118
87.49949646;0.22905184329
87.549499512;0.30437511206
87.599502563;0.26801425219
87.649497986;0.27186465263
87.699501038;0.26460146904
87.74949646;0.31112006307
87.799499512;0.28072524071
87.849502563;0.29970175028
87.899497986;0.30986189842
87.949501038;0.30284267664
87.99949646;0.33838486671
88.049499512;0.31386294961
88.099502563;0.30704778433
88.149497986;0.31949457526
88.199501038;0.2811011374
88.24949646;0.24537920952
88.299499512;0.2465301156
88.349502563;0.26173618436
88.399497986;0.27918481827
88.449501038;0.22769652307
88.49949646;0.24933595955
88.549499512;0.26901108027
88.599502563;0.21548189223
88.649497986;0.26099392772
88.699501038;0.21254208684
88.74949646;0.26131910086
88.799499512;0.2430318296
88.849502563;0.22092066705
88.899497986;0.21804781258
88.949501038;0.24910081923
88.99949646;0.21902427077
89.049499512;0.25784960389
89.099502563;0.20123943686
89.149497986;0.14159569144
89.199501038;0.26916691661
89.24949646;0.26583474874
89.299499512;0.23310928047
89.349502563;0.27948400378
89.399497986;0.29058328271
89.449501038;0.2748260498
89.49949646;0.28304830194
89.549499512;0.31828671694
89.599502563;0.3122150898
89.649497986;0.2898363173
89.699501038;0.30092203617
89.74949646;0.30252310634
89.799499512;0.3078186512
89.849502563;0.2953966856
89.899497986;0.32228675485
89.949501038;0.28290137649
89.99949646;0.28897416592
90.049499512;0.30816617608
90.099502563;0.12567742169
90.149497986;-0.2316609472
90.199501038;-0.19626417756
90.24949646;-0.1448186636
90.299499512;-0.061158269644
90.349502563;0.05717169866
90.399497986;0.067252665758
90.449501038;0.0095807416365
90.49949646;0.042222194374
90.549499512;0.018797716126
90.599502563;-0.036895502359
90.649497986;-0.0028530852869
90.699501038;0.059803158045
90.74949646;0.048979025334
90.799499512;-0.19018301368
90.849502563;-0.18940316141
90.899497986;-0.020820034668
90.949501038;-0.062480553985
90.99949646;0.092434667051
91.049499512;-0.078963272274
91.099502563;0.068400867283
91.149497986;0.090861462057
91.199501038;0.22021511197
91.24949646;0.059329170734
91.299499512;0.1149539873
91.349502563;0.23006671667
91.399497986;0.16685935855
91.449501038;-0.068669363856
91.49949646;-0.14771105349
91.549499512;0.0094887055457
91.599502563;-0.013857104816
91.649497986;-0.028804570436
91.699501038;0.029917493463
91.74949646;0.070818886161
91.799499512;-0.085911050439
91.849502563;0.008417555131
91.899497986;-0.05521440506
91.949501038;-0.12169930339
91.99949646;-0.090533547103
92.049499512;0.049002397805
92.099502563;0.036381177604
92.149497986;-0.069143623114
92.199501038;-0.15246587992
92.24949646;0.047512881458
92.299499512;0.091057263315
92.349502563;0.077827222645
92.399497986;-0.023147596046
92.449501038;0.027542402968
92.49949646;0.017087126151
92.549499512;-0.085451409221
92.599502563;0.16454493999
92.649497986;0.14215783775
92.699501038;0.017325317487
92.74949646;-0.034365322441
92.799499512;0.072500258684
92.849502563;0.049097374082
92.899497986;-0.049154896289
92.949501038;0.013597910292
92.99949646;-0.033804476261
93.049499512;-0.014426797628
93.099502563;-0.025964049622
93.149497986;0.042298600078
93.199501038;-0.063175193965
93.24949646;0.015197817236
93.299499512;0.060568619519
93.349502563;-0.060490980744
93.399497986;-0.059599995613
93.449501038;0.034249708056
93.49949646;0.10193892568
93.549499512;-0.13274610043
93.599502563;-0.15613737702
93.649497986;-0.068194165826
93.699501038;0.049816709012
93.74949646;0.011231270619
93.799499512;0.13618454337
93.849502563;0.092382460833
93.899497986;0.049657877535
93.949501038;0.068821467459
93.99949646;0.095655240119
94.049499512;0.13444177806
94.099502563;0.059142675251
94.149497986;-0.046394206583
94.199501038;-0.06022972241
94.24949646;0.039356444031
94.299499512;0.023377997801
94.349502563;-0.039531759918
94.399497986;-0.087572745979
94.449501038;-0.10357172787
94.49949646;-0.040786646307
94.549499512;-0.0064990334213
94.599502563;0.050021212548
94.649497986;-0.06397793442
94.699501038;-0.075846262276
94.74949646;-0.073719851673
94.799499512;0.0036724803504
94.849502563;-0.001419199747
94.899497986;0.00410595024
94.949501038;-0.13040883839
94.99949646;-0.064699105918
95.049499512;0.081626378
95.099502563;0.20482473075
95.149497986;0.077974781394
95.199501038;0.036566246301
95.24949646;0.073087148368
95.299499512;0.10257047415
95.349502563;0.10337053984
95.399497986;0.084676429629
95.449501038;0.045436616987
95.49949646;-0.055821061134
95.549499512;-0.076238676906
95.599502563;-0.036837466061
95.649497986;-0.062134109437
95.699501038;-0.055451929569
95.74949646;-0.09336642921
95.799499512;-0.10057150573
95.849502563;-0.10937195271
95.899497986;-0.018887681887
95.949501038;-0.014511768706
95.99949646;-0.033665556461
96.049499512;-0.084179870784
96.099502563;-0.074813738465
96.149497986;-0.1153780818
96.199501038;-0.057651821524
96.24949646;0.058005269617
96.299499512;0.040430821478
96.349502563;0.091379418969
96.399497986;0.096805378795
96.449501038;0.12710429728
96.49949646;0.14898121357
96.549499512;0.12761677802
96.599502563;0.097286373377
96.649497986;-0.01327683311
96.699501038;0.0071884691715
96.74949646;0.074080377817
96.799499512;0.047657862306
96.849502563;-0.038676913828
96.899497986;-0.10557536036
96.949501038;-0.0973213166
96.99949646;-0.07962872088
97.049499512;-0.027154009789
97.099502563;-0.053748328239
97.149497986;-0.17141136527
97.199501038;-0.19834925234
97.24949646;-0.15954819322
97.299499512;-0.11115186661
97.349502563;-0.043926607817
97.399497986;-0.064946711063
97.449501038;-0.17605993152
97.49949646;-0.1756208092
97.549499512;0.14051879942
97.599502563;0.17097610235
97.649497986;0.18831120431
97.699501038;0.11454826593
97.74949646;0.15071444213
97.799499512;0.036738436669
97.849502563;0.10694367439
97.899497986;0.095858559012
97.949501038;0.10740242898
97.99949646;0.032783042639
98.049499512;-0.016139531508
98.099502563;0.039242696017
98.149497986;0.023896083236
98.199501038;-0.00070874230005
98.24949646;-0.11322314292
98.299499512;-0.084966376424
98.349502563;-0.12595908344
98.399497986;-0.13287228346
98.449501038;-0.15344637632
98.49949646;-0.18720421195
98.549499512;-0.15124161541
98.599502563;-0.09653557837
98.649497986;-0.031897343695
98.699501038;0.026586337015
98.74949646;0.14356838167
98.799499512;0.10269095749
98.849502563;0.1884034425
98.899497986;0.15170444548
98.949501038;0.14559276402
98.99949646;0.13417354226
99.049499512;0.078689441085
99.099502563;0.079001739621
99.149497986;0.07696557045
99.199501038;0.096917413175
99.24949646;0.12472619116
99.299499512;0.09393363446
99.349502563;0.083097681403
99.399497986;-0.021912142634
99.449501038;-0.056205101311
99.49949646;-0.027830373496
99.549499512;-0.051184210926
99.599502563;-0.07552164793
99.649497986;-0.12277932465
99.699501038;-0.17599390447
99.74949646;-0.18826331198
99.799499512;-0.088229492307
99.849502563;-0.051752675325
99.899497986;-0.038653388619
99.949501038;-0.12394736707
